{
 "cells": [
  {
   "cell_type": "code",
   "execution_count": 1,
   "id": "20c66bb3-f940-4fd3-a8c4-acf5983cd463",
   "metadata": {},
   "outputs": [],
   "source": [
    "import numpy as np\n",
    "import pandas as pd\n",
    "import matplotlib.pyplot as plt\n",
    "%matplotlib inline\n",
    "import seaborn as sns\n",
    "\n",
    "## for feature slection\n",
    "\n",
    "from sklearn.linear_model import Lasso\n",
    "from sklearn.feature_selection import SelectFromModel\n",
    "\n",
    "## Display all the columns of the dataframe\n",
    "pd.pandas.set_option('display.max_columns',None)\n",
    "image_path = f\"../datasets/images\""
   ]
  },
  {
   "cell_type": "code",
   "execution_count": 2,
   "id": "13b92d34-ff05-46e8-9e54-2d970c544d53",
   "metadata": {},
   "outputs": [
    {
     "data": {
      "text/html": [
       "<div>\n",
       "<style scoped>\n",
       "    .dataframe tbody tr th:only-of-type {\n",
       "        vertical-align: middle;\n",
       "    }\n",
       "\n",
       "    .dataframe tbody tr th {\n",
       "        vertical-align: top;\n",
       "    }\n",
       "\n",
       "    .dataframe thead th {\n",
       "        text-align: right;\n",
       "    }\n",
       "</style>\n",
       "<table border=\"1\" class=\"dataframe\">\n",
       "  <thead>\n",
       "    <tr style=\"text-align: right;\">\n",
       "      <th></th>\n",
       "      <th>latitude</th>\n",
       "      <th>longitude</th>\n",
       "      <th>depth</th>\n",
       "      <th>magnitude</th>\n",
       "      <th>magnitude_type</th>\n",
       "      <th>distance</th>\n",
       "      <th>gravity</th>\n",
       "      <th>force</th>\n",
       "      <th>year</th>\n",
       "      <th>day_name</th>\n",
       "      <th>month_sin</th>\n",
       "      <th>month_cos</th>\n",
       "      <th>hour_sin</th>\n",
       "      <th>hour_cos</th>\n",
       "      <th>minutes_sin</th>\n",
       "      <th>minutes_cos</th>\n",
       "    </tr>\n",
       "  </thead>\n",
       "  <tbody>\n",
       "    <tr>\n",
       "      <th>0</th>\n",
       "      <td>0.578374</td>\n",
       "      <td>0.576498</td>\n",
       "      <td>-0.804832</td>\n",
       "      <td>4.10</td>\n",
       "      <td>0.0</td>\n",
       "      <td>1.205836</td>\n",
       "      <td>0.254693</td>\n",
       "      <td>-1.166843</td>\n",
       "      <td>2024</td>\n",
       "      <td>5.0</td>\n",
       "      <td>-0.5</td>\n",
       "      <td>-0.866025</td>\n",
       "      <td>-0.707107</td>\n",
       "      <td>0.707107</td>\n",
       "      <td>-0.913545</td>\n",
       "      <td>-0.406737</td>\n",
       "    </tr>\n",
       "    <tr>\n",
       "      <th>1</th>\n",
       "      <td>-0.092464</td>\n",
       "      <td>-0.276457</td>\n",
       "      <td>-0.242839</td>\n",
       "      <td>2.50</td>\n",
       "      <td>0.0</td>\n",
       "      <td>0.654375</td>\n",
       "      <td>-0.849625</td>\n",
       "      <td>-0.680270</td>\n",
       "      <td>2024</td>\n",
       "      <td>5.0</td>\n",
       "      <td>-0.5</td>\n",
       "      <td>-0.866025</td>\n",
       "      <td>-0.707107</td>\n",
       "      <td>0.707107</td>\n",
       "      <td>0.866025</td>\n",
       "      <td>0.500000</td>\n",
       "    </tr>\n",
       "    <tr>\n",
       "      <th>2</th>\n",
       "      <td>1.319964</td>\n",
       "      <td>-0.969834</td>\n",
       "      <td>1.611773</td>\n",
       "      <td>3.60</td>\n",
       "      <td>0.0</td>\n",
       "      <td>0.917097</td>\n",
       "      <td>1.719603</td>\n",
       "      <td>-0.915982</td>\n",
       "      <td>2024</td>\n",
       "      <td>5.0</td>\n",
       "      <td>-0.5</td>\n",
       "      <td>-0.866025</td>\n",
       "      <td>-0.965926</td>\n",
       "      <td>0.258819</td>\n",
       "      <td>-0.669131</td>\n",
       "      <td>0.743145</td>\n",
       "    </tr>\n",
       "    <tr>\n",
       "      <th>3</th>\n",
       "      <td>0.440801</td>\n",
       "      <td>0.967439</td>\n",
       "      <td>-0.613616</td>\n",
       "      <td>4.00</td>\n",
       "      <td>0.0</td>\n",
       "      <td>1.251187</td>\n",
       "      <td>-0.008240</td>\n",
       "      <td>-1.205488</td>\n",
       "      <td>2024</td>\n",
       "      <td>5.0</td>\n",
       "      <td>-0.5</td>\n",
       "      <td>-0.866025</td>\n",
       "      <td>-0.965926</td>\n",
       "      <td>0.258819</td>\n",
       "      <td>0.951057</td>\n",
       "      <td>-0.309017</td>\n",
       "    </tr>\n",
       "    <tr>\n",
       "      <th>4</th>\n",
       "      <td>0.353824</td>\n",
       "      <td>-0.675245</td>\n",
       "      <td>-0.672620</td>\n",
       "      <td>2.72</td>\n",
       "      <td>0.0</td>\n",
       "      <td>0.781542</td>\n",
       "      <td>-0.173512</td>\n",
       "      <td>-0.795270</td>\n",
       "      <td>2024</td>\n",
       "      <td>5.0</td>\n",
       "      <td>-0.5</td>\n",
       "      <td>-0.866025</td>\n",
       "      <td>-0.965926</td>\n",
       "      <td>0.258819</td>\n",
       "      <td>0.743145</td>\n",
       "      <td>0.669131</td>\n",
       "    </tr>\n",
       "  </tbody>\n",
       "</table>\n",
       "</div>"
      ],
      "text/plain": [
       "   latitude  longitude     depth  magnitude  magnitude_type  distance  \\\n",
       "0  0.578374   0.576498 -0.804832       4.10             0.0  1.205836   \n",
       "1 -0.092464  -0.276457 -0.242839       2.50             0.0  0.654375   \n",
       "2  1.319964  -0.969834  1.611773       3.60             0.0  0.917097   \n",
       "3  0.440801   0.967439 -0.613616       4.00             0.0  1.251187   \n",
       "4  0.353824  -0.675245 -0.672620       2.72             0.0  0.781542   \n",
       "\n",
       "    gravity     force  year  day_name  month_sin  month_cos  hour_sin  \\\n",
       "0  0.254693 -1.166843  2024       5.0       -0.5  -0.866025 -0.707107   \n",
       "1 -0.849625 -0.680270  2024       5.0       -0.5  -0.866025 -0.707107   \n",
       "2  1.719603 -0.915982  2024       5.0       -0.5  -0.866025 -0.965926   \n",
       "3 -0.008240 -1.205488  2024       5.0       -0.5  -0.866025 -0.965926   \n",
       "4 -0.173512 -0.795270  2024       5.0       -0.5  -0.866025 -0.965926   \n",
       "\n",
       "   hour_cos  minutes_sin  minutes_cos  \n",
       "0  0.707107    -0.913545    -0.406737  \n",
       "1  0.707107     0.866025     0.500000  \n",
       "2  0.258819    -0.669131     0.743145  \n",
       "3  0.258819     0.951057    -0.309017  \n",
       "4  0.258819     0.743145     0.669131  "
      ]
     },
     "execution_count": 2,
     "metadata": {},
     "output_type": "execute_result"
    }
   ],
   "source": [
    "scaled_df = pd.read_csv('../datasets/final_dataset/cyclic_scaled_data.csv')\n",
    "scaled_df.head()"
   ]
  },
  {
   "cell_type": "code",
   "execution_count": 3,
   "id": "ca3ea88d-c7c2-488b-8aff-3e7327b7903a",
   "metadata": {},
   "outputs": [],
   "source": [
    "# drop target variable (i.e magnitude)\n",
    "X = scaled_df.drop(columns=['magnitude'], axis=1)\n",
    "y = scaled_df['magnitude']"
   ]
  },
  {
   "cell_type": "code",
   "execution_count": 4,
   "id": "7356bb86-fecb-46e1-b05d-09cd41b13103",
   "metadata": {},
   "outputs": [
    {
     "data": {
      "text/plain": [
       "latitude          0\n",
       "longitude         0\n",
       "depth             0\n",
       "magnitude_type    0\n",
       "distance          0\n",
       "gravity           0\n",
       "force             0\n",
       "year              0\n",
       "day_name          0\n",
       "month_sin         0\n",
       "month_cos         0\n",
       "hour_sin          0\n",
       "hour_cos          0\n",
       "minutes_sin       0\n",
       "minutes_cos       0\n",
       "dtype: int64"
      ]
     },
     "execution_count": 4,
     "metadata": {},
     "output_type": "execute_result"
    }
   ],
   "source": [
    "X.isnull().sum()"
   ]
  },
  {
   "cell_type": "markdown",
   "id": "a2b9de47-cbf8-427c-b5ad-95e6dc91ee98",
   "metadata": {},
   "source": [
    "## Apply Feature Selection"
   ]
  },
  {
   "cell_type": "markdown",
   "id": "4dea8449-c5e7-4363-a0a7-1717e9686842",
   "metadata": {},
   "source": [
    "### 1. Correlation"
   ]
  },
  {
   "cell_type": "code",
   "execution_count": 5,
   "id": "64eb20fe-f998-4c20-9190-3af30bdf817c",
   "metadata": {},
   "outputs": [],
   "source": [
    "corr = X.select_dtypes(exclude=object).corr()"
   ]
  },
  {
   "cell_type": "code",
   "execution_count": 6,
   "id": "88be7056-1fc8-40e7-ad32-20e01b834380",
   "metadata": {},
   "outputs": [
    {
     "data": {
      "text/html": [
       "<div>\n",
       "<style scoped>\n",
       "    .dataframe tbody tr th:only-of-type {\n",
       "        vertical-align: middle;\n",
       "    }\n",
       "\n",
       "    .dataframe tbody tr th {\n",
       "        vertical-align: top;\n",
       "    }\n",
       "\n",
       "    .dataframe thead th {\n",
       "        text-align: right;\n",
       "    }\n",
       "</style>\n",
       "<table border=\"1\" class=\"dataframe\">\n",
       "  <thead>\n",
       "    <tr style=\"text-align: right;\">\n",
       "      <th></th>\n",
       "      <th>latitude</th>\n",
       "      <th>longitude</th>\n",
       "      <th>depth</th>\n",
       "      <th>magnitude_type</th>\n",
       "      <th>distance</th>\n",
       "      <th>gravity</th>\n",
       "      <th>force</th>\n",
       "      <th>year</th>\n",
       "      <th>day_name</th>\n",
       "      <th>month_sin</th>\n",
       "      <th>month_cos</th>\n",
       "      <th>hour_sin</th>\n",
       "      <th>hour_cos</th>\n",
       "      <th>minutes_sin</th>\n",
       "      <th>minutes_cos</th>\n",
       "    </tr>\n",
       "  </thead>\n",
       "  <tbody>\n",
       "    <tr>\n",
       "      <th>latitude</th>\n",
       "      <td>1.000000</td>\n",
       "      <td>-0.305316</td>\n",
       "      <td>-0.056648</td>\n",
       "      <td>-0.189650</td>\n",
       "      <td>0.006645</td>\n",
       "      <td>0.527984</td>\n",
       "      <td>-0.008155</td>\n",
       "      <td>0.016664</td>\n",
       "      <td>0.002193</td>\n",
       "      <td>0.008409</td>\n",
       "      <td>0.005524</td>\n",
       "      <td>0.013956</td>\n",
       "      <td>-0.003330</td>\n",
       "      <td>-0.002790</td>\n",
       "      <td>-0.000100</td>\n",
       "    </tr>\n",
       "    <tr>\n",
       "      <th>longitude</th>\n",
       "      <td>-0.305316</td>\n",
       "      <td>1.000000</td>\n",
       "      <td>0.174396</td>\n",
       "      <td>0.154237</td>\n",
       "      <td>-0.007795</td>\n",
       "      <td>-0.372638</td>\n",
       "      <td>0.007388</td>\n",
       "      <td>-0.082991</td>\n",
       "      <td>0.002722</td>\n",
       "      <td>0.047383</td>\n",
       "      <td>0.056130</td>\n",
       "      <td>-0.025758</td>\n",
       "      <td>0.008100</td>\n",
       "      <td>0.001032</td>\n",
       "      <td>-0.003234</td>\n",
       "    </tr>\n",
       "    <tr>\n",
       "      <th>depth</th>\n",
       "      <td>-0.056648</td>\n",
       "      <td>0.174396</td>\n",
       "      <td>1.000000</td>\n",
       "      <td>-0.001072</td>\n",
       "      <td>0.005133</td>\n",
       "      <td>-0.050951</td>\n",
       "      <td>-0.005598</td>\n",
       "      <td>-0.070032</td>\n",
       "      <td>-0.001261</td>\n",
       "      <td>0.003983</td>\n",
       "      <td>0.050166</td>\n",
       "      <td>-0.001464</td>\n",
       "      <td>0.005510</td>\n",
       "      <td>-0.002742</td>\n",
       "      <td>-0.000286</td>\n",
       "    </tr>\n",
       "    <tr>\n",
       "      <th>magnitude_type</th>\n",
       "      <td>-0.189650</td>\n",
       "      <td>0.154237</td>\n",
       "      <td>-0.001072</td>\n",
       "      <td>1.000000</td>\n",
       "      <td>-0.001930</td>\n",
       "      <td>-0.079155</td>\n",
       "      <td>0.001653</td>\n",
       "      <td>-0.029876</td>\n",
       "      <td>-0.000958</td>\n",
       "      <td>0.017243</td>\n",
       "      <td>0.018207</td>\n",
       "      <td>-0.008438</td>\n",
       "      <td>0.003708</td>\n",
       "      <td>0.003054</td>\n",
       "      <td>0.001933</td>\n",
       "    </tr>\n",
       "    <tr>\n",
       "      <th>distance</th>\n",
       "      <td>0.006645</td>\n",
       "      <td>-0.007795</td>\n",
       "      <td>0.005133</td>\n",
       "      <td>-0.001930</td>\n",
       "      <td>1.000000</td>\n",
       "      <td>-0.005448</td>\n",
       "      <td>-0.998529</td>\n",
       "      <td>0.004070</td>\n",
       "      <td>0.006504</td>\n",
       "      <td>0.016990</td>\n",
       "      <td>0.004052</td>\n",
       "      <td>-0.001880</td>\n",
       "      <td>-0.001218</td>\n",
       "      <td>-0.004640</td>\n",
       "      <td>0.001126</td>\n",
       "    </tr>\n",
       "    <tr>\n",
       "      <th>gravity</th>\n",
       "      <td>0.527984</td>\n",
       "      <td>-0.372638</td>\n",
       "      <td>-0.050951</td>\n",
       "      <td>-0.079155</td>\n",
       "      <td>-0.005448</td>\n",
       "      <td>1.000000</td>\n",
       "      <td>0.003501</td>\n",
       "      <td>0.020543</td>\n",
       "      <td>-0.000868</td>\n",
       "      <td>-0.020662</td>\n",
       "      <td>0.033814</td>\n",
       "      <td>0.001241</td>\n",
       "      <td>-0.002886</td>\n",
       "      <td>-0.000968</td>\n",
       "      <td>0.000794</td>\n",
       "    </tr>\n",
       "    <tr>\n",
       "      <th>force</th>\n",
       "      <td>-0.008155</td>\n",
       "      <td>0.007388</td>\n",
       "      <td>-0.005598</td>\n",
       "      <td>0.001653</td>\n",
       "      <td>-0.998529</td>\n",
       "      <td>0.003501</td>\n",
       "      <td>1.000000</td>\n",
       "      <td>-0.004250</td>\n",
       "      <td>-0.006520</td>\n",
       "      <td>-0.016879</td>\n",
       "      <td>-0.004448</td>\n",
       "      <td>0.001813</td>\n",
       "      <td>0.002101</td>\n",
       "      <td>0.004702</td>\n",
       "      <td>-0.000971</td>\n",
       "    </tr>\n",
       "    <tr>\n",
       "      <th>year</th>\n",
       "      <td>0.016664</td>\n",
       "      <td>-0.082991</td>\n",
       "      <td>-0.070032</td>\n",
       "      <td>-0.029876</td>\n",
       "      <td>0.004070</td>\n",
       "      <td>0.020543</td>\n",
       "      <td>-0.004250</td>\n",
       "      <td>1.000000</td>\n",
       "      <td>0.011359</td>\n",
       "      <td>0.038558</td>\n",
       "      <td>0.001083</td>\n",
       "      <td>0.009036</td>\n",
       "      <td>0.005667</td>\n",
       "      <td>-0.002165</td>\n",
       "      <td>0.000436</td>\n",
       "    </tr>\n",
       "    <tr>\n",
       "      <th>day_name</th>\n",
       "      <td>0.002193</td>\n",
       "      <td>0.002722</td>\n",
       "      <td>-0.001261</td>\n",
       "      <td>-0.000958</td>\n",
       "      <td>0.006504</td>\n",
       "      <td>-0.000868</td>\n",
       "      <td>-0.006520</td>\n",
       "      <td>0.011359</td>\n",
       "      <td>1.000000</td>\n",
       "      <td>0.004611</td>\n",
       "      <td>0.017036</td>\n",
       "      <td>0.005607</td>\n",
       "      <td>-0.000944</td>\n",
       "      <td>-0.000269</td>\n",
       "      <td>0.000598</td>\n",
       "    </tr>\n",
       "    <tr>\n",
       "      <th>month_sin</th>\n",
       "      <td>0.008409</td>\n",
       "      <td>0.047383</td>\n",
       "      <td>0.003983</td>\n",
       "      <td>0.017243</td>\n",
       "      <td>0.016990</td>\n",
       "      <td>-0.020662</td>\n",
       "      <td>-0.016879</td>\n",
       "      <td>0.038558</td>\n",
       "      <td>0.004611</td>\n",
       "      <td>1.000000</td>\n",
       "      <td>0.023327</td>\n",
       "      <td>-0.005387</td>\n",
       "      <td>-0.008636</td>\n",
       "      <td>-0.000447</td>\n",
       "      <td>0.001071</td>\n",
       "    </tr>\n",
       "    <tr>\n",
       "      <th>month_cos</th>\n",
       "      <td>0.005524</td>\n",
       "      <td>0.056130</td>\n",
       "      <td>0.050166</td>\n",
       "      <td>0.018207</td>\n",
       "      <td>0.004052</td>\n",
       "      <td>0.033814</td>\n",
       "      <td>-0.004448</td>\n",
       "      <td>0.001083</td>\n",
       "      <td>0.017036</td>\n",
       "      <td>0.023327</td>\n",
       "      <td>1.000000</td>\n",
       "      <td>-0.004249</td>\n",
       "      <td>0.005135</td>\n",
       "      <td>-0.000045</td>\n",
       "      <td>-0.003592</td>\n",
       "    </tr>\n",
       "    <tr>\n",
       "      <th>hour_sin</th>\n",
       "      <td>0.013956</td>\n",
       "      <td>-0.025758</td>\n",
       "      <td>-0.001464</td>\n",
       "      <td>-0.008438</td>\n",
       "      <td>-0.001880</td>\n",
       "      <td>0.001241</td>\n",
       "      <td>0.001813</td>\n",
       "      <td>0.009036</td>\n",
       "      <td>0.005607</td>\n",
       "      <td>-0.005387</td>\n",
       "      <td>-0.004249</td>\n",
       "      <td>1.000000</td>\n",
       "      <td>0.004710</td>\n",
       "      <td>0.001724</td>\n",
       "      <td>0.001057</td>\n",
       "    </tr>\n",
       "    <tr>\n",
       "      <th>hour_cos</th>\n",
       "      <td>-0.003330</td>\n",
       "      <td>0.008100</td>\n",
       "      <td>0.005510</td>\n",
       "      <td>0.003708</td>\n",
       "      <td>-0.001218</td>\n",
       "      <td>-0.002886</td>\n",
       "      <td>0.002101</td>\n",
       "      <td>0.005667</td>\n",
       "      <td>-0.000944</td>\n",
       "      <td>-0.008636</td>\n",
       "      <td>0.005135</td>\n",
       "      <td>0.004710</td>\n",
       "      <td>1.000000</td>\n",
       "      <td>0.000170</td>\n",
       "      <td>0.000894</td>\n",
       "    </tr>\n",
       "    <tr>\n",
       "      <th>minutes_sin</th>\n",
       "      <td>-0.002790</td>\n",
       "      <td>0.001032</td>\n",
       "      <td>-0.002742</td>\n",
       "      <td>0.003054</td>\n",
       "      <td>-0.004640</td>\n",
       "      <td>-0.000968</td>\n",
       "      <td>0.004702</td>\n",
       "      <td>-0.002165</td>\n",
       "      <td>-0.000269</td>\n",
       "      <td>-0.000447</td>\n",
       "      <td>-0.000045</td>\n",
       "      <td>0.001724</td>\n",
       "      <td>0.000170</td>\n",
       "      <td>1.000000</td>\n",
       "      <td>0.000625</td>\n",
       "    </tr>\n",
       "    <tr>\n",
       "      <th>minutes_cos</th>\n",
       "      <td>-0.000100</td>\n",
       "      <td>-0.003234</td>\n",
       "      <td>-0.000286</td>\n",
       "      <td>0.001933</td>\n",
       "      <td>0.001126</td>\n",
       "      <td>0.000794</td>\n",
       "      <td>-0.000971</td>\n",
       "      <td>0.000436</td>\n",
       "      <td>0.000598</td>\n",
       "      <td>0.001071</td>\n",
       "      <td>-0.003592</td>\n",
       "      <td>0.001057</td>\n",
       "      <td>0.000894</td>\n",
       "      <td>0.000625</td>\n",
       "      <td>1.000000</td>\n",
       "    </tr>\n",
       "  </tbody>\n",
       "</table>\n",
       "</div>"
      ],
      "text/plain": [
       "                latitude  longitude     depth  magnitude_type  distance  \\\n",
       "latitude        1.000000  -0.305316 -0.056648       -0.189650  0.006645   \n",
       "longitude      -0.305316   1.000000  0.174396        0.154237 -0.007795   \n",
       "depth          -0.056648   0.174396  1.000000       -0.001072  0.005133   \n",
       "magnitude_type -0.189650   0.154237 -0.001072        1.000000 -0.001930   \n",
       "distance        0.006645  -0.007795  0.005133       -0.001930  1.000000   \n",
       "gravity         0.527984  -0.372638 -0.050951       -0.079155 -0.005448   \n",
       "force          -0.008155   0.007388 -0.005598        0.001653 -0.998529   \n",
       "year            0.016664  -0.082991 -0.070032       -0.029876  0.004070   \n",
       "day_name        0.002193   0.002722 -0.001261       -0.000958  0.006504   \n",
       "month_sin       0.008409   0.047383  0.003983        0.017243  0.016990   \n",
       "month_cos       0.005524   0.056130  0.050166        0.018207  0.004052   \n",
       "hour_sin        0.013956  -0.025758 -0.001464       -0.008438 -0.001880   \n",
       "hour_cos       -0.003330   0.008100  0.005510        0.003708 -0.001218   \n",
       "minutes_sin    -0.002790   0.001032 -0.002742        0.003054 -0.004640   \n",
       "minutes_cos    -0.000100  -0.003234 -0.000286        0.001933  0.001126   \n",
       "\n",
       "                 gravity     force      year  day_name  month_sin  month_cos  \\\n",
       "latitude        0.527984 -0.008155  0.016664  0.002193   0.008409   0.005524   \n",
       "longitude      -0.372638  0.007388 -0.082991  0.002722   0.047383   0.056130   \n",
       "depth          -0.050951 -0.005598 -0.070032 -0.001261   0.003983   0.050166   \n",
       "magnitude_type -0.079155  0.001653 -0.029876 -0.000958   0.017243   0.018207   \n",
       "distance       -0.005448 -0.998529  0.004070  0.006504   0.016990   0.004052   \n",
       "gravity         1.000000  0.003501  0.020543 -0.000868  -0.020662   0.033814   \n",
       "force           0.003501  1.000000 -0.004250 -0.006520  -0.016879  -0.004448   \n",
       "year            0.020543 -0.004250  1.000000  0.011359   0.038558   0.001083   \n",
       "day_name       -0.000868 -0.006520  0.011359  1.000000   0.004611   0.017036   \n",
       "month_sin      -0.020662 -0.016879  0.038558  0.004611   1.000000   0.023327   \n",
       "month_cos       0.033814 -0.004448  0.001083  0.017036   0.023327   1.000000   \n",
       "hour_sin        0.001241  0.001813  0.009036  0.005607  -0.005387  -0.004249   \n",
       "hour_cos       -0.002886  0.002101  0.005667 -0.000944  -0.008636   0.005135   \n",
       "minutes_sin    -0.000968  0.004702 -0.002165 -0.000269  -0.000447  -0.000045   \n",
       "minutes_cos     0.000794 -0.000971  0.000436  0.000598   0.001071  -0.003592   \n",
       "\n",
       "                hour_sin  hour_cos  minutes_sin  minutes_cos  \n",
       "latitude        0.013956 -0.003330    -0.002790    -0.000100  \n",
       "longitude      -0.025758  0.008100     0.001032    -0.003234  \n",
       "depth          -0.001464  0.005510    -0.002742    -0.000286  \n",
       "magnitude_type -0.008438  0.003708     0.003054     0.001933  \n",
       "distance       -0.001880 -0.001218    -0.004640     0.001126  \n",
       "gravity         0.001241 -0.002886    -0.000968     0.000794  \n",
       "force           0.001813  0.002101     0.004702    -0.000971  \n",
       "year            0.009036  0.005667    -0.002165     0.000436  \n",
       "day_name        0.005607 -0.000944    -0.000269     0.000598  \n",
       "month_sin      -0.005387 -0.008636    -0.000447     0.001071  \n",
       "month_cos      -0.004249  0.005135    -0.000045    -0.003592  \n",
       "hour_sin        1.000000  0.004710     0.001724     0.001057  \n",
       "hour_cos        0.004710  1.000000     0.000170     0.000894  \n",
       "minutes_sin     0.001724  0.000170     1.000000     0.000625  \n",
       "minutes_cos     0.001057  0.000894     0.000625     1.000000  "
      ]
     },
     "execution_count": 6,
     "metadata": {},
     "output_type": "execute_result"
    }
   ],
   "source": [
    "corr"
   ]
  },
  {
   "cell_type": "code",
   "execution_count": 7,
   "id": "beb0e00a-49cc-4bc2-8670-a2f4934518d8",
   "metadata": {},
   "outputs": [
    {
     "data": {
